[gd_scene load_steps=10 format=3 uid="uid://cv8lncnbk60bt"]

[ext_resource type="PackedScene" uid="uid://cw8u4ks1tisro" path="res://scenes/player.tscn" id="1_wkbnf"]
[ext_resource type="Script" path="res://scripts/vehicle_selection.gd" id="1_xc4jk"]
[ext_resource type="PackedScene" uid="uid://so1tkyfbuhwi" path="res://scenes/player_monster_truck.tscn" id="2_0mm4u"]
[ext_resource type="Texture2D" uid="uid://bdtes4wlu0pdy" path="res://textures/seamless_desert_sand_texture_by_hhh316_d311qn7-fullview.jpg" id="2_yjp7x"]
[ext_resource type="PackedScene" uid="uid://du4ga1iag7m1x" path="res://scenes/player3.tscn" id="3_hwb34"]
[ext_resource type="PackedScene" uid="uid://bpslk1oysapd4" path="res://scenes/player4.tscn" id="4_vmsut"]

[sub_resource type="StandardMaterial3D" id="StandardMaterial3D_wbxnp"]
albedo_color = Color(0.437151, 0.385394, 0.245235, 1)
albedo_texture = ExtResource("2_yjp7x")
uv1_scale = Vector3(0.04, 0.04, 0.04)
uv1_triplanar = true

[sub_resource type="BoxMesh" id="BoxMesh_w4k0w"]
material = SubResource("StandardMaterial3D_wbxnp")
size = Vector3(250, 1, 250)

[sub_resource type="ConcavePolygonShape3D" id="ConcavePolygonShape3D_0jl2u"]
data = PackedVector3Array(-50, 0.5, 50, 50, 0.5, 50, -50, -0.5, 50, 50, 0.5, 50, 50, -0.5, 50, -50, -0.5, 50, 50, 0.5, -50, -50, 0.5, -50, 50, -0.5, -50, -50, 0.5, -50, -50, -0.5, -50, 50, -0.5, -50, 50, 0.5, 50, 50, 0.5, -50, 50, -0.5, 50, 50, 0.5, -50, 50, -0.5, -50, 50, -0.5, 50, -50, 0.5, -50, -50, 0.5, 50, -50, -0.5, -50, -50, 0.5, 50, -50, -0.5, 50, -50, -0.5, -50, 50, 0.5, 50, -50, 0.5, 50, 50, 0.5, -50, -50, 0.5, 50, -50, 0.5, -50, 50, 0.5, -50, -50, -0.5, 50, 50, -0.5, 50, -50, -0.5, -50, 50, -0.5, 50, 50, -0.5, -50, -50, -0.5, -50)

[node name="vehicle_selection" type="Node3D"]
script = ExtResource("1_xc4jk")

[node name="vehicles" type="Node" parent="."]

[node name="player_monster_truck" parent="vehicles" instance=ExtResource("2_0mm4u")]
process_mode = 4
transform = Transform3D(0.866025, 0, -0.5, 0, 1, 0, 0.5, 0, 0.866025, 4, 1, -1)
disable_mode = 2

[node name="player" parent="vehicles" instance=ExtResource("1_wkbnf")]
transform = Transform3D(0.258819, 0, -0.965926, 0, 1, 0, 0.965926, 0, 0.258819, 7, 0.6, 4)

[node name="player3" parent="vehicles" instance=ExtResource("3_hwb34")]
transform = Transform3D(0.866025, 0, 0.5, 0, 1, 0, -0.5, 0, 0.866025, -4, 0.7, -1)

[node name="half_track" parent="vehicles" instance=ExtResource("4_vmsut")]
transform = Transform3D(0.258819, 0, 0.965926, 0, 1, 0, -0.965926, 0, 0.258819, -7, 0.7, 4)

[node name="Camera3D" type="Camera3D" parent="."]
transform = Transform3D(1, 0, 0, 0, 0.707107, 0.707107, 0, -0.707107, 0.707107, 0, 10, 13)

[node name="Ground" type="MeshInstance3D" parent="."]
transform = Transform3D(1, 0, 0, 0, 1, 0, 0, 0, 1, 0, -0.5, 0)
mesh = SubResource("BoxMesh_w4k0w")

[node name="StaticBody3D" type="StaticBody3D" parent="Ground"]

[node name="CollisionShape3D" type="CollisionShape3D" parent="Ground/StaticBody3D"]
shape = SubResource("ConcavePolygonShape3D_0jl2u")

[node name="DirectionalLight3D" type="DirectionalLight3D" parent="."]
transform = Transform3D(1, 0, 0, 0, -2.98023e-08, 1, 0, -1, -2.98023e-08, 0, 13, 0)

[node name="vehicle_label" type="Label" parent="."]
anchors_preset = 5
anchor_left = 0.5
anchor_right = 0.5
offset_left = -20.0
offset_right = 20.0
offset_bottom = 23.0
grow_horizontal = 2
text = "Name"
